Year Month Day Hour Temp DewTemp Pressure WindDir WindSpeed Sky Precip1 Precip6
1912 4 1 6 114 94 10121 200 120 8 -9999 -9999
1912 4 1 9 146 96 10122 240 140 8 -9999 -9999
1912 4 2 6 172 122 10146 210 40 2 -9999 40
1912 4 2 9 193 -9999 10150 240 210 1 -9999 0
1912 4 2 12 188 125 10152 240 250 1 -9999 0
1912 4 3 6 163 119 10170 240 40 4 -9999 0
1912 4 3 9 182 122 10186 240 60 2 -9999 0
1912 4 4 6 154 125 10173 0 0 0 -9999 0
1912 4 4 9 186 134 10180 360 20 0 -9999 0
1912 4 4 12 202 145 10169 40 60 0 -9999 0
1912 4 5 9 248 157 10149 60 40 2 -9999 0
1912 4 5 12 256 177 10137 60 40 4 -9999 0
1912 4 5 15 -9999 -9999 10137 -9999 -9999 4 -9999 0
1912 4 6 0 46 23 10217 0 0 0 -9999 0
1912 4 6 6 212 144 10120 40 20 1 -9999 0
1912 4 6 9 228 154 10144 240 190 7 -9999 -9999
1912 4 7 6 170 128 10173 0 0 8 -9999 0
1912 4 8 6 172 117 10188 220 140 1 -9999 0
1912 4 9 9 188 128 10192 240 80 2 -9999 -9999
1912 4 9 12 196 130 10182 240 40 3 -9999 0
1912 4 10 6 168 100 10178 270 40 0 -9999 0
1912 4 11 6 174 128 10205 40 40 2 -9999 0
1912 4 11 9 210 139 10213 360 40 4 -9999 -9999
1912 4 12 6 183 -108 10192 20 20 0 -9999 0
1912 4 12 9 204 150 10186 200 40 0 -9999 -9999
1912 4 13 6 188 120 10126 0 0 0 -9999 0
1912 4 13 9 220 161 10129 240 60 0 -9999 0
1912 4 14 6 198 151 10137 -9999 -9999 0 -9999 0
1912 4 14 9 222 184 10145 320 20 0 -9999 -9999
1912 4 15 6 198 132 10157 180 20 0 -9999 0
1912 4 15 9 222 137 10160 340 40 0 -9999 -9999
1912 4 16 6 200 134 10166 0 0 7 -9999 0
1912 4 16 9 216 138 10172 40 40 7 -9999 -9999
1912 4 17 6 188 132 10154 340 20 2 -9999 0
1912 4 18 6 196 130 10138 40 80 0 -9999 0
1912 4 18 9 210 154 10144 360 80 0 -9999 -9999
1912 4 19 6 218 140 10102 100 20 7 -9999 0
1912 4 19 9 240 170 10109 0 0 8 -9999 0
1912 4 20 3 106 50 10157 0 0 2 -9999 -9999
1912 4 20 6 246 173 10060 220 20 4 -9999 0
1912 4 21 6 260 152 10082 280 20 8 -9999 0
1912 4 23 6 200 -9999 -9999 -9999 -9999 -9999 -9999 0
1912 4 24 6 188 128 -9999 -9999 -9999 2 -9999 0
1912 4 25 6 196 141 10141 220 100 3 -9999 0
1912 4 25 12 206 149 10144 220 100 4 -9999 0
1912 4 26 6 192 140 10137 240 40 2 -9999 -9999
1912 4 26 9 192 140 10137 240 40 2 -9999 -9999
1912 4 27 6 186 138 10126 40 100 1 -9999 0
1912 4 27 12 212 163 10125 20 100 7 -9999 0
1912 4 28 12 225 185 10092 40 60 1 -9999 0
1912 4 29 6 222 156 10046 80 60 8 -9999 0
1912 4 29 9 232 182 10070 200 40 6 -9999 0
1912 4 30 9 232 171 10124 240 210 1 -9999 -9999
1912 5 1 6 198 148 10143 240 190 1 -9999 0
1912 5 2 3 96 -9999 10077 0 0 4 -9999 -9999
1912 5 2 9 208 144 10132 240 160 6 -9999 0
1912 5 3 6 184 150 10088 60 40 7 -9999 -9999
1912 5 4 6 200 142 10097 240 100 4 -9999 -9999
1912 5 4 9 200 142 10097 -9999 -9999 4 -9999 -9999
1912 5 4 12 206 142 10105 240 140 7 -9999 0
1912 5 4 15 208 151 10112 240 140 3 -9999 0
1912 5 5 6 202 148 10126 240 180 3 -9999 0
1912 5 5 9 206 149 10141 240 180 7 -9999 0
1912 5 5 12 213 140 -9999 240 250 3 -9999 0
1912 5 6 9 208 159 10168 240 160 2 -9999 -9999
1912 5 6 18 158 70 10117 0 0 4 -9999 -9999
1912 5 7 6 196 141 10156 60 60 1 -9999 0
1912 5 7 9 196 -9999 -9999 60 60 1 -9999 0
1912 5 7 15 198 139 10128 360 40 0 -9999 0
1912 5 8 6 192 113 10134 180 20 8 -9999 -9999
1912 5 8 9 310 98 10078 220 190 3 -9999 0
1912 5 8 15 208 169 10120 240 170 3 -9999 -9999
1912 5 9 9 218 144 10158 240 140 1 -9999 -9999
1912 5 9 12 214 155 10158 260 140 3 -9999 0
1912 5 9 15 204 147 10160 240 120 6 -9999 -9999
1912 5 10 6 198 140 10170 20 60 1 -9999 0
1912 5 10 9 210 157 10168 320 40 1 -9999 0
1912 5 10 12 212 159 10165 280 60 1 -9999 0
1912 5 10 15 198 151 10150 40 60 4 -9999 -9999
1912 5 11 9 256 164 10088 240 20 5 -9999 0
1912 5 11 12 250 181 10074 40 60 7 -9999 0
1912 5 11 15 232 185 10085 340 60 8 -9999 0
1912 5 12 6 198 144 10110 240 160 3 -9999 0
1912 5 12 9 176 84 -9999 300 120 4 -9999 -9999
1912 5 12 12 222 141 10108 240 210 4 -9999 0
1912 5 13 9 216 157 10154 240 170 1 -9999 0
1912 5 14 6 202 152 10173 20 40 4 -9999 0
1912 5 14 9 214 69 10176 280 60 2 -9999 0
1912 5 14 12 214 165 10176 260 60 5 -9999 0
1912 5 15 6 198 165 -9999 60 80 0 -9999 0
1912 5 15 9 216 153 10180 40 100 0 -9999 0
1912 5 16 9 156 -9999 -9999 0 0 0 -9999 -9999
1912 5 16 12 234 184 10176 360 40 1 -9999 0
1912 5 17 9 238 160 10178 20 40 0 -9999 0
1912 5 17 12 258 154 10166 60 60 0 -9999 0
1912 5 18 6 240 168 10142 40 80 5 -9999 -9999
1912 5 18 12 266 -9999 10130 260 60 3 -9999 0
1912 5 18 15 248 200 10121 40 40 1 -9999 -9999
1912 5 19 6 234 194 10156 40 20 2 -9999 0
1912 5 20 6 232 192 10117 320 20 2 -9999 0
1912 5 20 9 250 214 10118 260 100 1 -9999 0
1912 5 23 6 232 214 10125 320 20 0 -9999 0
1912 5 23 9 242 209 10126 300 20 1 -9999 0
1912 5 24 12 260 216 10104 240 60 1 -9999 0
1912 5 25 6 248 175 10110 20 20 0 -9999 0
1912 5 26 12 282 214 10106 320 40 0 -9999 0
1912 5 26 15 296 196 10098 240 60 0 -9999 0
1912 5 27 9 272 215 10105 280 40 0 -9999 0
1912 5 28 6 252 204 10096 40 60 0 -9999 0
1912 5 28 9 264 208 10097 240 100 0 -9999 0
1912 5 28 12 266 225 10096 240 120 1 -9999 0
1912 5 28 15 258 222 -9999 260 60 0 -9999 -9999
1912 5 29 6 246 217 10094 300 60 1 -9999 0
1912 5 30 6 248 206 10105 40 20 0 -9999 0
1912 5 30 12 266 222 10106 240 80 1 -9999 0
1912 5 31 9 276 214 10096 260 160 0 -9999 0
1912 6 1 6 248 203 10069 360 20 2 -9999 0
1912 6 1 9 268 208 10069 240 210 1 -9999 0
1912 6 1 12 272 209 10064 240 160 1 -9999 0
1912 6 1 15 258 203 10056 240 120 1 -9999 -9999
1912 6 2 9 262 192 10073 260 120 1 -9999 0
1912 6 2 12 262 195 10078 260 100 3 -9999 0
1912 6 3 6 254 164 10094 240 -9999 1 -9999 0
1912 6 3 9 258 190 10102 240 190 2 -9999 -9999
1912 6 3 15 252 187 10108 220 100 1 -9999 -9999
1912 6 4 12 262 201 10116 240 80 0 -9999 0
1912 6 5 6 244 171 10109 340 40 0 -9999 0
1912 6 5 9 262 204 10108 260 100 0 -9999 -9999
1912 6 5 12 264 210 10102 260 80 0 -9999 0
1912 6 5 15 256 212 10096 260 60 0 -9999 -9999
1912 6 5 18 -9999 -9999 10096 270 -9999 -9999 -9999 -9999
1912 6 6 6 248 209 10102 280 40 0 -9999 0
1912 6 6 12 266 215 10101 280 60 0 -9999 0
1912 6 6 15 -9999 -9999 10097 280 60 0 -9999 -9999
1912 6 6 18 -9999 -9999 10097 280 80 0 -9999 -9999
1912 6 7 6 250 211 10105 320 60 1 -9999 0
1912 6 7 9 262 211 10109 340 60 0 -9999 -9999
1912 6 7 12 266 215 10110 280 60 0 -9999 0
1912 6 7 15 258 214 10105 360 40 0 -9999 -9999
1912 6 8 6 256 215 10112 260 40 2 -9999 0
1912 6 8 12 264 213 10122 240 80 2 -9999 0
1912 6 9 6 230 169 10141 240 120 7 -9999 0
1912 6 9 9 248 183 10140 260 160 1 -9999 -9999
1912 6 9 12 -9999 -9999 -9999 -9999 -9999 5 -9999 0
1912 6 9 15 246 176 10133 260 80 2 -9999 -9999
1912 6 10 6 238 167 10144 320 60 1 -9999 0
1912 6 10 9 250 179 10141 300 80 1 -9999 -9999
1912 6 10 15 238 189 10125 280 80 7 -9999 0
1912 6 11 9 254 189 10133 260 120 1 -9999 -9999
1912 6 11 12 260 199 10133 280 80 2 -9999 0
1912 6 11 15 250 194 10128 240 100 2 -9999 -9999
1912 6 12 6 252 200 10144 240 40 0 -9999 0
1912 6 12 9 262 208 10148 240 140 0 -9999 -9999
1912 6 13 6 244 202 10136 360 60 2 -9999 0
1912 6 13 9 262 211 10137 280 140 2 -9999 -9999
1912 6 13 12 270 207 10128 240 160 1 -9999 0
1912 6 14 6 252 201 10125 240 40 6 -9999 0
1912 6 14 9 260 213 10125 280 100 0 -9999 -9999
1912 6 14 12 268 221 10121 260 100 1 -9999 0
1912 6 15 6 259 220 10108 320 20 0 -9999 0
1912 6 15 9 274 234 10108 240 120 0 -9999 -9999
1912 6 15 12 297 238 10078 240 120 0 -9999 0
1912 6 15 14 297 238 10078 240 120 0 -9999 0
1912 6 15 15 304 185 10082 240 160 0 -9999 -9999
1912 6 16 6 262 211 10089 240 230 3 -9999 0
1912 6 16 15 272 151 10089 240 270 1 -9999 -9999
1912 6 16 21 262 211 10089 240 230 3 -9999 0
1912 6 17 9 264 190 10130 220 160 2 -9999 0
1912 6 17 12 270 194 10130 220 100 2 -9999 0
1912 6 18 9 260 213 10141 240 80 1 -9999 -9999
1912 6 18 12 259 206 10134 240 60 1 -9999 0
1912 6 18 15 253 207 10121 240 40 0 -9999 -9999
1912 6 19 6 246 197 10106 40 40 0 -9999 0
1912 6 19 9 258 214 10110 320 60 1 -9999 0
1912 6 19 12 264 213 10102 280 40 1 -9999 0
1912 6 19 15 262 211 10090 310 40 0 -9999 0
1912 6 20 6 254 206 10098 240 20 0 -9999 0
1912 6 21 6 262 204 10092 360 20 1 -9999 0
1912 6 21 9 296 203 10090 240 80 0 -9999 -9999
1912 6 21 12 294 223 10084 240 120 0 -9999 0
1912 6 21 15 283 211 10071 240 120 0 -9999 -9999
1912 6 21 18 283 211 10071 240 120 0 -9999 -9999
1912 6 22 6 262 204 10078 20 60 0 -9999 0
1912 6 22 9 284 -9999 -9999 240 140 1 -9999 -9999
1912 6 22 12 292 234 10073 240 120 0 -9999 0
1912 6 22 15 282 223 10060 240 120 0 -9999 0
1912 6 23 6 266 206 10076 240 20 3 -9999 0
1912 6 23 9 282 221 10078 260 160 0 -9999 -9999
1912 6 23 12 276 229 10074 240 140 2 -9999 0
1912 6 23 15 264 217 10069 280 170 2 -9999 -9999
1912 6 23 21 -9999 -9999 10069 -9999 -9999 -9999 -9999 -9999
1912 6 24 6 260 199 10061 240 170 5 -9999 0
1912 6 24 9 274 211 10065 240 230 4 -9999 -9999
1912 6 24 12 274 214 10065 240 170 5 -9999 0
1912 6 24 15 258 207 10065 240 160 5 -9999 -9999
1912 6 25 6 258 207 10074 20 40 1 -9999 0
1912 6 25 9 270 223 10078 240 140 2 -9999 -9999
1912 6 26 6 256 198 10085 280 40 0 -9999 0
1912 6 26 9 266 222 10092 280 60 2 -9999 0
1912 6 27 6 259 151 10101 280 80 0 -9999 0
1912 6 27 9 271 163 10094 240 100 0 -9999 -9999
1912 6 27 12 276 161 10094 240 100 0 -9999 0
1912 6 27 15 274 154 10096 240 80 0 -9999 -9999
1912 6 28 6 262 154 10093 240 160 1 -9999 0
1912 6 28 9 272 160 10090 240 170 1 -9999 -9999
1912 6 28 12 272 167 10086 240 140 1 -9999 0
1912 6 28 15 268 162 10084 240 100 0 -9999 0
1912 6 29 6 258 162 10089 40 60 0 -9999 0
1912 6 29 9 272 203 10088 280 60 0 -9999 -9999
1912 6 29 12 280 188 10086 260 80 1 -9999 0
1912 6 30 6 268 195 10086 40 40 0 -9999 0
1912 6 30 9 278 219 10090 260 60 0 -9999 -9999
1912 6 30 12 284 213 -9999 260 80 0 -9999 0
1912 6 30 15 278 209 10085 260 40 0 -9999 -9999
1912 6 30 18 278 209 10085 260 40 0 -9999 -9999
1912 7 1 9 272 178 10084 20 20 -9999 -9999 0
1912 7 1 12 284 241 10084 280 100 0 -9999 0
1912 7 1 15 280 241 10080 280 100 0 -9999 0
1912 7 2 6 278 200 10081 240 80 0 -9999 0
1912 7 2 9 286 236 10085 240 140 0 -9999 -9999
1912 7 2 12 302 240 10077 240 160 0 -9999 0
1912 7 2 15 290 238 10074 240 100 0 -9999 -9999
1912 7 3 6 266 215 10088 60 60 0 -9999 0
1912 7 3 9 266 210 -9999 60 60 0 -9999 0
1912 7 4 12 282 233 10069 240 190 1 -9999 0
1912 7 4 15 284 232 10060 240 140 1 -9999 0
1912 7 5 6 258 217 10068 260 40 4 -9999 0
1912 7 5 9 274 224 10069 290 80 1 -9999 -9999
1912 7 5 12 276 223 10064 260 100 1 -9999 0
1912 7 5 15 272 219 10060 260 100 2 -9999 -9999
1912 7 6 6 264 213 10062 220 40 6 -9999 0
1912 7 6 15 278 232 10054 240 100 1 -9999 -9999
1912 7 7 6 266 222 10053 240 40 2 -9999 0
1912 7 7 12 286 231 10056 240 160 2 -9999 0
1912 7 7 15 278 232 10045 260 170 1 -9999 -9999
1912 7 8 6 -9999 -9999 10054 40 40 3 -9999 0
1912 7 8 12 290 238 10057 240 190 2 -9999 0
1912 7 8 15 280 237 10052 240 170 0 -9999 -9999
1912 7 9 6 266 228 10068 240 60 2 -9999 0
1912 7 9 12 282 239 10065 260 140 1 -9999 0
1912 7 10 6 264 223 10070 0 0 3 -9999 0
1912 7 10 9 286 231 10068 240 140 1 -9999 -9999
1912 7 10 12 286 234 10065 240 160 1 -9999 0
1912 7 10 15 278 235 10061 240 100 1 -9999 -9999
1912 7 11 12 282 221 10073 260 140 1 -9999 0
1912 7 11 15 282 218 10072 260 120 1 -9999 -9999
1912 7 12 6 268 217 10076 260 170 0 -9999 0
1912 7 12 15 282 226 10080 240 140 1 -9999 -9999
1912 7 13 6 -9999 -9999 -9999 -9999 -9999 8 -9999 -9999
1912 7 13 15 274 198 10085 260 140 -9999 -9999 -9999
1912 7 14 6 266 189 -9999 240 170 -9999 -9999 -9999
1912 7 14 9 280 205 10073 240 230 1 -9999 -9999
1912 7 14 12 280 202 10065 240 250 1 -9999 0
1912 7 15 6 274 191 10042 240 140 0 -9999 0
1912 7 15 9 286 216 10042 240 160 0 -9999 -9999
1912 7 15 12 280 215 10036 240 190 1 -9999 0
1912 7 16 6 276 190 10041 240 170 -9999 -9999 0
1912 7 16 9 282 218 10041 240 210 2 -9999 -9999
1912 7 16 12 282 215 10037 240 230 2 -9999 0
1912 7 16 15 280 215 10033 240 190 1 -9999 -9999
1912 7 18 6 270 207 10070 240 140 6 -9999 0
1912 7 18 9 286 228 10070 240 170 3 -9999 -9999
1912 7 18 12 290 227 10065 240 190 1 -9999 0
1912 7 18 15 276 220 10060 240 170 1 -9999 -9999
1912 7 18 18 290 -9999 10065 -9999 -9999 1 -9999 0
1912 7 19 6 276 190 10068 340 20 1 -9999 0
1912 7 19 9 280 219 10073 260 170 0 -9999 -9999
1912 7 19 12 282 229 10072 260 160 3 -9999 0
1912 7 20 6 262 221 10085 240 41 5 -9999 0
1912 7 20 9 282 233 10089 240 82 1 -9999 -9999
1912 7 20 12 276 236 10086 240 72 4 -9999 0
1912 7 20 15 276 233 10081 220 62 2 -9999 -9999
1912 7 21 6 272 225 10082 220 31 0 -9999 0
1912 7 21 9 292 237 10084 220 72 0 -9999 -9999
1912 7 21 12 296 239 10077 220 82 0 -9999 0
1912 7 21 15 280 240 10069 220 72 0 -9999 -9999
1912 7 22 6 268 227 10064 40 21 0 -9999 0
1912 7 22 12 302 252 10062 240 72 0 -9999 0
1912 7 22 15 296 245 10056 260 41 0 -9999 -9999
1912 7 23 6 276 233 10060 360 10 2 -9999 0
1912 7 23 9 298 247 10062 240 72 3 -9999 -9999
1912 7 24 6 280 227 10065 240 57 1 -9999 0
1912 7 24 9 292 237 10065 240 108 0 -9999 -9999
1912 7 24 15 288 236 10053 240 98 0 -9999 -9999
1912 7 25 0 -9999 -9999 -9999 -9999 5 6 -9999 -9999
1912 7 25 6 272 228 10074 360 21 0 -9999 0
1912 7 25 9 294 234 10076 220 118 0 -9999 -9999
1912 7 25 12 304 239 10077 220 98 1 -9999 0
1912 7 25 15 306 222 10070 240 72 0 -9999 -9999
1912 7 25 18 306 222 10070 240 72 0 -9999 -9999
1912 7 26 6 282 186 10073 220 41 0 -9999 0
1912 7 26 12 288 236 10077 220 98 1 -9999 0
1912 7 26 15 282 226 10072 240 98 1 -9999 -9999
1912 7 27 6 272 212 10064 240 72 2 -9999 0
1912 7 27 9 286 228 10062 240 98 1 -9999 -9999
1912 7 27 12 290 236 10057 240 82 2 -9999 0
1912 7 28 6 276 214 10052 240 31 0 -9999 0
1912 7 28 12 292 241 10050 240 98 1 -9999 0
1912 7 28 15 282 239 10052 220 87 1 -9999 -9999
1912 7 28 18 292 241 10050 240 98 1 -9999 0
1912 7 29 6 280 225 10052 240 72 0 -9999 0
1912 7 29 9 294 240 10060 260 98 1 -9999 -9999
1912 7 29 12 -9999 -9999 -9999 -9999 -9999 0 -9999 0
1912 7 30 6 272 212 10064 240 98 3 -9999 0
1912 7 30 9 282 214 10065 240 87 -9999 -9999 -9999
1912 7 30 12 288 218 10062 240 98 2 -9999 0
1912 7 30 15 280 221 10054 240 82 0 -9999 -9999
1912 7 31 6 286 212 10069 240 72 2 -9999 0
1912 7 31 12 288 218 10049 240 82 1 -9999 0
1912 7 31 15 282 207 10041 240 129 1 -9999 -9999
1912 8 1 6 266 196 10052 240 118 2 -9999 0
1912 8 1 12 280 200 -9999 -9999 -9999 3 -9999 0
1912 8 2 9 282 221 10074 240 98 1 -9999 -9999
1912 8 3 6 264 220 10080 20 247 1 -9999 0
1912 8 3 12 290 245 10080 220 82 1 -9999 0
1912 8 3 15 288 234 10076 220 62 1 -9999 -9999
1912 8 4 6 266 212 10078 360 21 0 -9999 0
1912 8 4 9 288 230 10077 240 51 1 -9999 -9999
1912 8 4 12 292 237 10074 240 72 1 -9999 0
1912 8 4 15 286 244 10070 240 41 1 -9999 -9999
1912 8 5 12 292 241 10072 240 98 1 -9999 0
1912 8 5 15 280 240 10072 240 72 1 -9999 -9999
1912 8 6 6 268 211 10080 360 21 0 -9999 0
1912 8 6 9 294 228 10085 240 118 0 -9999 -9999
1912 8 6 12 310 202 10081 220 62 1 -9999 0
1912 8 7 6 272 193 10089 40 21 0 -9999 0
1912 8 7 9 280 -9999 10089 -9999 -9999 0 -9999 -9999
1912 8 8 6 262 224 10113 240 21 1 -9999 0
1912 8 8 12 290 245 10112 240 62 0 -9999 0
1912 8 8 15 280 240 10106 240 51 0 -9999 -9999
1912 8 9 6 268 230 10108 360 10 0 -9999 0
1912 8 9 9 290 238 10104 240 72 0 -9999 -9999
1912 8 9 12 286 247 10093 240 72 1 -9999 0
1912 8 9 15 184 -9999 10084 240 72 1 -9999 -9999
1912 8 10 6 262 218 10085 240 21 2 -9999 0
1912 8 10 9 282 236 10086 240 82 1 -9999 -9999
1912 8 11 6 268 230 10080 240 10 1 -9999 0
1912 8 11 15 286 247 10074 240 41 0 -9999 -9999
1912 8 12 6 266 240 10088 360 10 0 -9999 0
1912 8 12 9 286 252 10092 220 41 0 -9999 -9999
1912 8 12 12 266 -9999 10088 -9999 -9999 0 -9999 0
1912 8 12 15 286 249 10081 220 31 1 -9999 -9999
1912 8 13 12 296 248 10080 240 62 0 -9999 0
1912 8 13 15 288 254 10074 240 62 0 -9999 -9999
1912 8 14 0 188 141 10074 0 0 0 -9999 0
1912 8 14 6 270 236 10084 240 21 0 -9999 0
1912 8 14 9 290 253 10085 240 41 0 -9999 -9999
1912 8 14 12 298 256 10082 240 41 0 -9999 0
1912 8 15 6 272 228 10082 360 10 0 -9999 0
1912 8 15 12 300 258 10071 260 26 0 -9999 0
1912 8 15 15 298 254 10058 260 21 0 -9999 -9999
1912 8 16 6 280 261 10058 220 21 6 -9999 0
1912 8 16 9 296 260 10064 220 51 1 -9999 -9999
1912 8 16 12 302 264 10052 240 31 0 -9999 0
1912 8 16 15 296 266 10041 260 41 0 -9999 -9999
1912 8 17 3 194 127 10051 0 0 4 -9999 -9999
1912 8 17 6 280 249 10050 40 21 0 -9999 0
1912 8 17 9 294 261 10057 220 62 7 -9999 -9999
1912 8 17 15 296 263 10049 240 41 0 -9999 -9999
1912 8 18 6 272 232 10066 220 41 5 -9999 0
1912 8 18 9 286 234 10070 260 41 6 -9999 -9999
1912 8 18 12 294 245 10065 240 41 6 -9999 0
1912 8 19 5 290 232 -9999 240 62 0 -9999 -9999
1912 8 19 9 290 232 10070 240 62 0 -9999 -9999
1912 8 19 12 296 236 10070 240 72 1 -9999 0
1912 8 19 15 284 238 10064 220 62 0 -9999 -9999
1912 8 20 6 280 221 10081 220 31 0 -9999 0
1912 8 20 9 290 242 10089 240 62 1 -9999 -9999
1912 8 20 12 294 246 10084 260 51 3 -9999 0
1912 8 20 15 290 245 10081 240 41 3 -9999 -9999
1912 8 21 6 272 238 10093 40 31 1 -9999 0
1912 8 21 9 286 244 10097 320 31 1 -9999 -9999
1912 8 22 6 276 245 10090 240 10 1 -9999 0
1912 8 22 9 296 251 10096 240 41 1 -9999 -9999
1912 8 22 12 298 250 10082 240 41 0 -9999 0
1912 8 22 15 294 252 10076 240 51 0 -9999 -9999
1912 8 23 6 272 243 10076 220 21 1 -9999 0
1912 8 23 9 300 243 10078 240 62 1 -9999 -9999
1912 8 23 12 306 256 10072 240 72 1 -9999 0
1912 8 24 6 272 222 10068 40 41 1 -9999 0
1912 8 24 9 302 248 10070 240 51 1 -9999 -9999
1912 8 24 12 302 248 10061 260 72 0 -9999 0
1912 8 24 15 290 251 10058 240 62 0 -9999 -9999
1912 8 25 6 272 225 10070 40 10 1 -9999 0
1912 8 25 12 300 234 10070 260 82 1 -9999 0
1912 8 25 15 292 237 10070 240 82 1 -9999 -9999
1912 8 26 6 266 231 10077 260 10 5 -9999 0
1912 8 26 9 294 236 10078 240 62 1 -9999 -9999
1912 8 26 12 302 237 10073 240 62 1 -9999 0
1912 8 27 6 270 226 10069 20 216 1 -9999 0
1912 8 27 9 298 232 10073 240 72 0 -9999 -9999
1912 8 27 12 306 235 10065 240 62 0 -9999 0
1912 8 27 15 294 240 10060 240 72 0 -9999 -9999
1912 8 28 6 276 204 10069 240 51 3 -9999 0
1912 8 28 9 302 227 10073 260 98 1 -9999 -9999
1912 8 28 12 300 234 10064 240 87 2 -9999 0
1912 8 29 6 280 181 10086 220 41 1 -9999 0
1912 8 29 9 290 200 10090 240 82 1 -9999 -9999
1912 8 29 12 290 207 10086 240 72 3 -9999 0
1912 8 29 15 280 214 10084 240 51 6 -9999 -9999
1912 8 30 6 272 209 10096 280 10 2 -9999 0
1912 8 30 9 286 219 10094 280 31 1 -9999 -9999
1912 8 30 12 290 220 10088 280 31 1 -9999 0
1912 8 30 15 282 221 10085 280 21 1 -9999 -9999
1912 8 31 6 270 216 10092 60 31 0 -9999 0
1912 8 31 9 290 224 10093 240 41 0 -9999 -9999
1912 8 31 12 298 235 10085 240 51 1 -9999 0
1912 9 1 6 274 202 10070 240 31 0 -9999 0
1912 9 1 9 296 239 10076 240 87 2 -9999 -9999
1912 9 1 12 274 202 10070 240 31 0 -9999 0
1912 9 1 14 306 235 10070 240 72 1 -9999 0
1912 9 1 15 294 228 10065 240 51 1 -9999 -9999
1912 9 2 6 210 112 10115 0 0 0 -9999 0
1912 9 2 9 304 229 10065 240 87 1 -9999 -9999
1912 9 2 12 304 232 10064 240 98 1 -9999 0
1912 9 3 6 284 193 10070 260 41 0 -9999 0
1912 9 3 9 300 228 10074 260 118 1 -9999 -9999
1912 9 3 12 306 228 10070 260 129 0 -9999 0
1912 9 3 15 290 227 10068 260 129 0 -9999 -9999
1912 9 4 6 278 186 10097 240 21 1 -9999 0
1912 9 4 9 296 231 10102 240 82 1 -9999 -9999
1912 9 4 12 302 230 10101 240 72 3 -9999 0
1912 9 4 15 286 225 10098 240 51 4 -9999 -9999
1912 9 5 6 276 220 10112 240 41 2 -9999 0
1912 9 5 9 290 232 10114 280 51 1 -9999 -9999
1912 9 5 12 288 228 10109 -9999 -9999 4 -9999 0
1912 9 6 6 278 218 10090 20 10 0 -9999 0
1912 9 6 12 298 241 10094 240 51 0 -9999 0
1912 9 6 15 292 241 10085 260 51 0 -9999 -9999
1912 9 7 9 292 237 10090 220 72 0 -9999 -9999
1912 9 7 12 296 236 10085 240 72 1 -9999 0
1912 9 7 15 286 234 10084 240 51 1 -9999 -9999
1912 9 8 6 274 208 10104 60 21 0 -9999 0
1912 9 8 9 298 239 10108 360 51 0 -9999 -9999
1912 9 8 12 304 242 10108 360 41 1 -9999 0
1912 9 9 6 272 171 10129 260 10 0 -9999 0
1912 9 9 9 298 213 10129 180 31 0 -9999 -9999
1912 9 9 12 300 218 -9999 200 31 0 -9999 0
1912 9 9 15 296 220 10129 180 21 0 -9999 -9999
1912 9 10 6 276 210 10125 200 21 0 -9999 0
1912 9 10 9 294 228 10122 240 41 0 -9999 -9999
1912 9 10 12 300 228 10116 260 41 0 -9999 0
1912 9 10 15 -9999 -9999 10106 260 41 0 -9999 -9999
1912 9 11 6 264 223 10108 260 10 0 -9999 0
1912 9 11 12 292 229 10106 20 31 1 -9999 0
1912 9 11 19 296 220 10104 20 31 0 -9999 -9999
1912 9 12 6 282 168 10124 60 41 0 -9999 0
1912 9 12 9 300 211 10132 20 51 0 -9999 -9999
1912 9 12 12 300 231 10126 20 51 0 -9999 0
1912 9 12 15 290 223 10124 20 41 0 -9999 -9999
1912 9 13 6 276 123 10129 40 31 0 -9999 0
1912 9 13 12 300 256 10114 20 62 0 -9999 0
1912 9 14 6 286 158 10092 260 10 1 -9999 0
1912 9 14 9 306 256 10089 260 41 1 -9999 -9999
1912 9 14 12 306 265 10089 240 51 0 -9999 0
1912 9 14 15 304 254 10082 240 41 0 -9999 -9999
1912 9 15 6 278 235 10094 260 10 4 -9999 0
1912 9 15 9 300 243 10093 260 41 1 -9999 -9999
1912 9 15 12 300 253 10090 260 41 7 -9999 0
1912 9 16 6 278 228 10096 180 10 5 -9999 0
1912 9 16 9 296 236 10098 260 41 3 -9999 -9999
1912 9 16 15 292 244 10092 240 51 3 -9999 -9999
1912 9 17 9 290 245 10125 240 31 -9999 -9999 -9999
1912 9 17 12 298 244 10116 240 51 3 -9999 0
1912 9 17 15 284 245 10102 40 41 7 -9999 -9999
1912 9 18 6 280 249 10105 260 10 6 -9999 0
1912 9 18 9 292 -9999 -9999 280 31 7 -9999 -9999
1912 9 18 12 286 249 10104 260 41 8 -9999 0
1912 9 18 15 282 246 10102 260 51 8 -9999 -9999
1912 9 19 9 280 234 10106 40 10 7 -9999 0
1912 9 19 12 284 245 10093 320 41 8 -9999 0
1912 9 19 15 280 240 10089 240 21 8 -9999 -9999
1912 9 20 6 272 228 10100 260 21 1 -9999 0
1912 9 20 9 290 227 10106 260 41 1 -9999 -9999
1912 9 20 12 288 228 10106 280 31 6 -9999 0
1912 9 21 6 262 215 10133 360 10 6 -9999 0
1912 9 21 9 288 224 10134 300 21 0 -9999 -9999
1912 9 21 15 280 224 10136 300 21 2 -9999 -9999
1912 9 22 6 270 223 10156 60 51 1 -9999 0
1912 9 22 9 286 228 10162 40 41 2 -9999 -9999
1912 9 22 15 278 238 10148 360 21 5 -9999 -9999
1912 9 24 9 296 254 10141 260 21 7 -9999 -9999
1912 9 25 6 272 228 10152 220 10 5 -9999 0
1912 9 26 6 266 234 10148 240 10 4 -9999 0
1912 9 26 9 286 234 10153 60 31 5 -9999 -9999
1912 9 26 15 284 220 10137 260 10 5 -9999 -9999
1912 9 27 6 262 198 10145 240 51 6 -9999 0
1912 9 27 9 282 201 10142 40 41 5 -9999 -9999
1912 9 27 12 202 183 10132 240 31 7 -9999 150
1912 9 28 6 246 204 10144 260 10 7 -9999 -9999
1912 9 28 9 234 170 10156 240 51 7 -9999 -9999
1912 9 28 12 252 169 10148 220 41 7 -9999 0
1912 9 28 15 252 200 10148 320 10 5 -9999 -9999
1912 9 29 6 248 194 10161 220 21 1 -9999 0
1912 9 29 9 278 214 10166 260 31 1 -9999 -9999
1912 9 29 12 284 214 10157 260 21 1 -9999 0
1912 9 30 9 286 237 10158 260 51 5 -9999 -9999
1912 9 30 15 280 227 10142 240 21 5 -9999 -9999
1912 10 1 3 246 183 10140 100 21 0 -9999 0
1912 10 1 6 260 213 10152 220 21 0 -9999 0
1912 10 1 9 286 228 10152 220 51 7 -9999 -9999
1912 10 1 12 288 221 10144 240 51 1 -9999 0
1912 10 1 15 276 226 10141 240 31 1 -9999 -9999
1912 10 2 6 248 161 -9999 200 10 0 -9999 0
1912 10 2 15 276 223 10134 360 21 1 -9999 -9999
1912 10 3 6 260 175 10136 260 10 0 -9999 0
1912 10 3 9 286 192 10134 320 21 0 -9999 -9999
1912 10 3 12 300 122 -9999 20 21 0 -9999 0
1912 10 3 15 288 221 10118 60 41 0 -9999 -9999
1912 10 4 6 268 164 10112 0 0 0 -9999 0
1912 10 4 9 306 211 10112 20 21 1 -9999 -9999
1912 10 4 12 312 215 10100 40 21 1 -9999 0
1912 10 4 15 316 185 10101 220 21 6 -9999 -9999
1912 10 4 18 316 185 10101 220 21 6 -9999 -9999
1912 10 5 6 276 223 10129 100 21 0 -9999 0
1912 10 5 9 292 234 10129 260 21 1 -9999 -9999
1912 10 5 12 302 237 10121 340 21 2 -9999 0
1912 10 5 15 -9999 -9999 10116 -9999 -9999 2 -9999 -9999
1912 10 7 6 274 205 10137 40 298 2 -9999 0
1912 10 7 9 306 228 10134 20 41 5 -9999 -9999
1912 10 7 12 306 253 10128 40 21 6 -9999 0
1912 10 7 15 290 -9999 10126 40 41 7 -9999 -9999
1912 10 8 9 294 225 10141 60 41 0 -9999 -9999
1912 10 8 12 308 246 10126 240 31 1 -9999 0
1912 10 8 15 294 249 10128 340 21 2 -9999 -9999
1912 10 10 6 274 195 10150 40 41 7 -9999 0
1912 10 10 9 302 178 10148 60 31 7 -9999 -9999
1912 10 10 12 340 166 10141 240 31 5 -9999 0
1912 10 10 15 340 166 10141 -9999 -9999 9 -9999 0
1912 10 10 18 298 188 10137 240 10 6 -9999 -9999
1912 10 11 6 280 185 10178 0 0 0 -9999 0
1912 10 11 9 302 172 -9999 40 31 1 -9999 -9999
1912 10 11 12 314 201 10169 260 10 2 -9999 0
1912 10 11 15 300 205 10162 40 31 6 -9999 -9999
1912 10 12 6 282 278 10172 260 10 7 -9999 0
1912 10 12 9 318 148 10164 40 31 7 -9999 -9999
1912 10 12 12 314 201 10158 260 21 7 -9999 0
1912 10 12 15 290 189 10153 40 41 7 -9999 -9999
1912 10 13 6 232 178 10156 40 62 6 -9999 -9999
1912 10 13 12 308 204 10125 40 31 3 -9999 0
1912 10 13 15 284 213 10122 80 10 4 -9999 -9999
1912 10 14 6 268 174 10133 240 10 7 -9999 0
1912 10 14 9 294 183 10141 -9999 -9999 2 -9999 -9999
1912 10 14 12 286 225 10129 240 51 5 -9999 0
1912 10 14 15 268 205 10137 260 31 3 -9999 -9999
1912 10 15 6 258 183 10160 240 10 5 -9999 0
1912 10 15 9 278 213 10164 240 31 7 -9999 -9999
1912 10 15 12 258 183 10160 240 10 5 -9999 0
1912 10 15 15 262 192 10150 240 41 6 -9999 -9999
1912 10 17 9 244 174 10112 240 41 7 -9999 -9999
1912 10 17 12 246 154 10112 240 51 7 -9999 0
1912 10 18 6 216 163 10137 240 41 2 -9999 -9999
1912 10 18 12 246 173 10141 240 62 7 -9999 0
1912 10 19 6 220 178 10178 60 41 4 -9999 -9999
1912 10 19 9 248 168 10177 40 31 3 -9999 -9999
1912 10 19 12 254 165 10168 360 10 2 -9999 0
1912 10 19 15 240 166 10172 80 10 2 -9999 -9999
1912 10 20 6 222 167 10177 60 10 0 -9999 0
1912 10 20 9 252 162 10178 40 31 1 -9999 -9999
1912 10 20 12 276 165 10166 260 21 3 -9999 0
1912 10 21 6 234 170 10149 260 10 0 -9999 0
1912 10 21 12 278 200 10130 40 31 1 -9999 0
1912 10 22 6 222 158 10121 40 41 5 -9999 0
1912 10 22 9 278 186 10125 240 21 4 -9999 -9999
1912 10 22 12 288 224 10118 220 31 4 -9999 0
1912 10 22 15 264 207 10124 240 21 7 -9999 -9999
1912 10 24 9 268 201 10169 40 21 8 -9999 -9999
1912 10 24 12 276 204 10168 260 21 8 -9999 0
1912 10 25 6 248 192 10158 0 0 4 -9999 0
1912 10 25 9 280 198 10158 220 21 6 -9999 -9999
1912 10 25 12 272 222 10153 240 41 4 -9999 0
1912 10 26 6 236 169 10166 60 21 3 -9999 0
1912 10 26 12 262 208 10161 240 31 2 -9999 0
1912 10 26 15 248 196 10162 240 31 3 -9999 -9999
1912 10 27 6 234 226 10186 180 10 1 -9999 0
1912 10 27 9 256 191 10181 20 10 1 -9999 -9999
1912 10 27 12 258 190 10172 20 21 2 -9999 0
1912 10 27 15 242 179 10173 240 21 5 -9999 -9999
1912 10 28 6 222 184 10182 0 0 2 -9999 0
1912 10 28 9 252 190 10181 360 31 1 -9999 -9999
1912 10 28 12 254 196 10168 360 31 1 -9999 0
1912 10 29 6 220 189 10161 260 10 6 -9999 0
1912 10 29 9 250 181 10158 260 21 2 -9999 -9999
1912 10 29 12 258 194 10148 260 21 2 -9999 0
1912 10 29 15 240 -9999 10141 260 21 3 -9999 -9999
1912 10 30 6 224 193 10149 260 10 0 -9999 0
1912 10 30 9 256 181 10146 260 21 0 -9999 -9999
1912 10 31 6 206 157 10154 0 0 0 -9999 0
1912 10 31 9 264 160 10156 40 41 0 -9999 -9999
1912 10 31 12 264 187 10145 20 62 1 -9999 0
1912 10 31 15 254 186 10146 40 62 1 -9999 -9999
1912 11 1 6 216 149 10172 240 10 2 -9999 0
1912 11 1 9 274 166 10176 60 31 1 -9999 -9999
1912 11 1 12 286 184 10158 60 108 1 -9999 0
1912 11 1 15 274 174 10162 80 87 1 -9999 -9999
1912 11 2 6 226 133 10193 180 10 0 -9999 0
1912 11 2 9 276 153 10190 60 21 0 -9999 -9999
1912 11 2 15 260 140 10161 260 21 7 -9999 -9999
1912 11 3 6 222 137 10161 220 21 7 -9999 0
1912 11 3 9 236 150 10160 240 31 8 -9999 -9999
1912 11 3 12 258 158 10120 40 108 7 -9999 0
1912 11 3 15 250 148 10122 220 21 4 -9999 -9999
1912 11 4 6 194 154 10137 220 31 8 -9999 -9999
1912 11 4 9 226 168 10142 240 21 7 -9999 -9999
1912 11 4 12 226 168 10133 280 41 5 -9999 0
1912 11 5 6 194 150 10145 220 10 0 -9999 0
1912 11 5 9 242 168 10137 60 41 1 -9999 -9999
1912 11 6 9 202 112 10080 20 21 7 -9999 -9999
1912 11 6 15 156 108 10054 260 87 8 -9999 -9999
1912 11 7 6 138 53 10113 260 98 5 -9999 -9999
1912 11 7 9 116 57 10138 220 87 7 -9999 -9999
1912 11 7 12 138 64 10150 220 51 7 -9999 1
1912 11 7 15 138 48 10160 220 72 7 -9999 -9999
1912 11 8 6 168 53 10218 260 62 6 -9999 0
1912 11 8 12 190 63 10217 200 82 7 -9999 0
1912 11 8 15 170 80 10530 260 41 5 -9999 -9999
1912 11 9 6 154 117 10248 180 10 1 -9999 0
1912 11 9 9 194 100 10242 40 21 2 -9999 -9999
1912 11 9 12 204 67 10230 40 31 2 -9999 0
1912 11 10 6 140 80 10226 0 0 -9999 -9999 0
1912 11 10 9 -9999 -9999 10226 60 31 4 -9999 -9999
1912 11 10 12 218 77 10209 60 31 1 -9999 0
1912 11 11 9 218 106 10213 80 21 3 -9999 -9999
1912 11 11 12 234 91 10197 100 21 3 -9999 0
1912 11 12 6 162 122 10192 0 0 0 -9999 0
1912 11 12 9 218 111 10186 40 10 0 -9999 -9999
1912 11 12 12 230 113 10170 0 0 0 -9999 0
1912 11 12 15 210 122 10170 80 10 0 -9999 -9999
1912 11 13 6 162 114 10148 0 0 0 -9999 0
1912 11 13 9 228 128 10130 80 31 0 -9999 -9999
1912 11 13 12 246 135 10114 80 31 1 -9999 0
1912 11 13 15 218 112 10110 260 10 1 -9999 -9999
1912 11 14 6 194 135 10110 260 41 4 -9999 -9999
1912 11 14 9 196 141 10120 260 62 5 -9999 -9999
1912 11 14 12 218 155 10114 260 62 4 -9999 0
1912 11 15 6 170 142 10108 80 21 8 -9999 -9999
1912 11 16 6 154 122 10092 100 10 6 -9999 -9999
1912 11 16 12 192 108 10097 80 10 6 -9999 0
1912 11 16 15 146 135 10109 240 10 8 -9999 -9999
1912 11 17 6 162 121 10132 80 21 6 -9999 -9999
1912 11 17 9 210 134 10133 80 41 6 -9999 -9999
1912 11 17 12 212 124 10134 260 41 2 -9999 0
1912 11 17 15 192 133 10133 260 51 1 -9999 -9999
1912 11 18 6 160 146 10158 0 0 8 -9999 -9999
1912 11 18 12 222 133 10135 40 21 5 -9999 0
1912 11 18 15 206 126 10144 0 0 7 -9999 -9999
1912 11 19 6 178 104 10129 0 0 -9999 -9999 0
1912 11 19 9 232 98 10129 220 21 6 -9999 -9999
1912 11 19 12 222 133 10113 260 10 5 -9999 0
1912 11 20 6 92 -15 10186 240 41 1 -9999 -9999
1912 11 21 6 164 136 10109 60 31 7 -9999 -9999
1912 11 21 9 202 132 10104 60 31 4 -9999 -9999
1912 11 21 12 204 115 10101 260 21 7 -9999 0
1912 11 21 15 178 117 10108 220 21 7 -9999 -9999
1912 11 22 6 142 87 10129 0 0 4 -9999 0
1912 11 22 9 200 118 10132 260 21 1 -9999 -9999
1912 11 22 12 200 82 10122 260 31 4 -9999 0
1912 11 22 15 170 94 10113 160 10 2 -9999 -9999
1912 11 23 6 148 111 -9999 80 10 8 -9999 -9999
1912 11 23 9 150 129 10102 80 31 8 -9999 -9999
1912 11 23 12 134 130 10101 80 31 8 -9999 -9999
1912 11 24 6 130 64 10142 80 10 7 -9999 -9999
1912 11 24 12 150 79 10134 0 0 7 -9999 0
1912 11 24 15 138 91 10137 80 31 7 -9999 -9999
1912 11 25 6 128 84 10185 240 10 7 -9999 0
1912 11 25 9 170 98 10180 240 10 7 -9999 -9999
1912 11 25 12 148 98 10169 260 21 7 -9999 -9999
1912 11 25 15 150 109 10169 260 41 7 -9999 -9999
1912 11 26 6 158 118 10142 260 41 6 -9999 -9999
1912 11 26 9 190 102 10137 260 82 5 -9999 -9999
1912 11 26 12 194 115 10124 260 93 5 -9999 0
1912 11 27 6 150 129 10098 240 41 7 -9999 -9999
1912 11 27 9 184 98 10094 240 72 7 -9999 -9999
1912 11 27 12 176 114 10088 240 82 7 -9999 50
1912 11 27 15 174 99 10093 240 62 7 -9999 -9999
1912 11 28 6 122 107 10161 240 21 8 -9999 -9999
1912 11 28 9 126 115 10170 240 10 7 -9999 -9999
1912 11 28 12 140 102 10164 240 10 7 -9999 130
1912 11 28 15 134 95 10172 240 10 6 -9999 -9999
1912 11 30 6 118 103 10137 220 31 8 -9999 -9999
1912 11 30 9 120 105 10153 220 41 8 -9999 -9999
1912 12 1 6 146 96 10170 240 72 6 -9999 -9999
1912 12 1 9 188 108 10169 240 72 3 -9999 -9999
1912 12 1 12 166 89 10141 240 72 8 -9999 -9999
1912 12 1 15 162 80 10114 240 72 7 -9999 -9999
1912 12 2 6 124 109 10088 260 98 7 -9999 -9999
1912 12 2 9 122 77 10106 260 98 8 -9999 -9999
1912 12 2 12 122 44 10096 260 118 8 -9999 60
1912 12 4 6 76 10 10192 200 10 7 -9999 -9999
1912 12 4 15 68 45 10189 60 87 8 -9999 60
1912 12 5 9 136 29 -9999 260 98 6 -9999 -9999
1912 12 5 12 146 49 10237 260 87 7 -9999 0
1912 12 6 6 70 43 10298 80 21 3 -9999 0
1912 12 6 9 128 66 10306 80 31 6 -9999 -9999
1912 12 6 15 106 64 10308 80 31 4 -9999 -9999
1912 12 7 6 64 46 10321 200 10 0 -9999 0
1912 12 7 12 134 38 10306 60 21 1 -9999 0
1912 12 8 6 88 57 10277 180 10 6 -9999 0
1912 12 8 12 154 79 10265 260 21 8 -9999 0
1912 12 9 9 164 104 10261 60 21 1 -9999 -9999
1912 12 9 12 172 105 10249 240 21 1 -9999 0
1912 12 9 15 156 104 10246 0 0 6 -9999 -9999
1912 12 10 12 174 74 10216 60 31 5 -9999 0
1912 12 12 6 114 86 10225 220 72 8 -9999 -9999
1912 12 12 9 138 91 10222 220 72 7 -9999 -9999
1912 12 12 15 148 76 10201 240 51 7 -9999 -9999
1912 12 15 6 110 90 10194 80 10 1 -9999 0
1912 12 15 9 160 104 10196 60 41 2 -9999 -9999
1912 12 15 12 172 105 10188 60 41 4 -9999 0
1912 12 15 15 150 113 10190 60 21 6 -9999 -9999
1912 12 16 6 128 97 10190 200 10 8 -9999 0
1912 12 16 12 182 105 10158 240 123 6 -9999 0
1912 12 16 15 168 96 10145 80 31 2 -9999 -9999
1912 12 17 6 122 95 10116 260 98 7 -9999 -9999
1912 12 17 12 112 92 10134 260 129 7 -9999 80
1912 12 18 6 102 81 10152 200 51 7 -9999 -9999
1912 12 18 9 108 82 10153 220 72 8 -9999 -9999
1912 12 18 12 138 59 10140 240 72 7 -9999 30
1912 12 18 15 104 79 10148 220 51 7 -9999 -9999
1912 12 19 12 70 47 10133 240 72 8 -9999 90
1912 12 19 15 104 25 10138 240 72 6 -9999 -9999
1912 12 20 9 24 8 -9999 280 51 6 -9999 -9999
1912 12 21 6 98 59 10285 80 10 5 -9999 -9999
1912 12 21 9 142 59 10289 60 41 2 -9999 -9999
1912 12 21 12 156 72 10281 320 21 4 -9999 0
1912 12 21 15 126 73 10280 0 0 1 -9999 -9999
1912 12 22 9 130 54 10233 80 31 1 -9999 -9999
1912 12 22 12 156 58 10221 80 31 1 -9999 0
1912 12 22 15 134 73 10218 80 10 1 -9999 -9999
1912 12 23 6 74 42 10252 180 31 6 -9999 0
1912 12 23 9 156 77 10266 80 31 0 -9999 -9999
1912 12 23 12 168 82 10260 60 41 0 -9999 0
1912 12 24 6 72 45 10286 180 21 3 -9999 0
1912 12 24 9 138 83 10280 260 10 1 -9999 -9999
1912 12 24 12 156 86 10260 60 21 1 -9999 0
1912 12 24 15 146 87 10264 280 31 0 -9999 -9999
1912 12 25 9 144 72 10269 60 21 1 -9999 -9999
1912 12 25 12 170 48 10246 60 31 0 -9999 0
1912 12 25 15 140 80 10245 200 21 0 -9999 -9999
1912 12 26 6 84 38 10228 240 31 1 -9999 0
1912 12 26 9 84 38 10228 240 31 1 -9999 0
1912 12 27 6 106 54 10130 0 0 6 -9999 0
1912 12 27 9 106 54 10138 0 0 6 -9999 0
1912 12 27 12 160 77 10086 60 87 7 -9999 0
1912 12 27 15 -9999 -9999 10094 80 36 4 -9999 -9999
1912 12 28 6 120 97 10165 80 21 7 -9999 -9999
1912 12 28 9 138 120 10174 80 10 8 -9999 -9999
1912 12 28 12 158 106 10157 80 31 6 -9999 40
1912 12 28 15 150 105 10158 80 10 7 -9999 -9999
1912 12 29 6 90 64 10181 100 51 4 -9999 -9999
1912 12 29 9 128 88 10184 100 82 7 -9999 -9999
1912 12 30 6 108 96 10194 100 10 8 -9999 -9999
1912 12 30 9 118 106 10197 80 21 7 -9999 -9999
1912 12 30 12 140 106 10185 80 31 5 -9999 50
1912 12 30 15 112 84 10196 80 31 7 -9999 -9999
1912 12 31 6 142 87 10225 260 41 8 -9999 -9999
1912 12 31 15 146 83 10213 260 51 7 -9999 -9999
